0 0
1 1
2 0
3 0
4 1
5 1
6 2
7 1
8 1
9 3
10 3
11 3
12 0
13 4
14 1
15 2
16 1
17 1
18 1
19 4
20 1
21 0
22 1
23 0
24 1
25 1
26 1
27 4
28 5
29 5
30 1
31 1
32 1
33 1
34 1
35 0
36 5
37 1
38 1
39 1
40 1
41 1
42 5
43 5
44 1
45 1
46 5
47 0
48 4
49 1
50 1
51 1
52 1
53 1
54 1
55 5
56 1
57 0
58 1
59 1
60 1
61 1
62 1
63 1
64 1
65 1
66 5
67 0
68 1
69 1
70 2
71 1
72 1
73 1
74 6
75 6
76 4
77 7
78 2
79 2
80 2
81 2
82 7
83 7
84 2
85 8
86 2
87 2
88 0
89 2
90 2
91 2
92 2
93 4
94 6
95 7
96 2
97 6
98 6
99 2
100 1
101 2
102 4
103 4
104 2
105 6
106 5
107 2
108 6
109 6
110 2
111 2
112 2
113 2
114 2
115 1
116 2
117 8
118 8
119 6
120 6
121 8
122 8
123 6
124 6
125 1
126 8
127 6
128 1
129 1
130 6
131 1
132 2
133 6
134 1
135 4
136 4
137 4
138 1
139 1
140 6
141 8
142 6
143 6
144 2
145 2
146 1
147 3
148 4
149 0
150 7
151 6
152 6
153 0
154 0
155 6
156 6
157 4
158 1
159 2
160 4
161 0
162 6
163 0
164 2
165 0
166 0
167 2
168 0
169 7
170 0
171 4
172 4
173 6
174 0
175 4
176 0
177 4
178 6
179 4
180 2
181 4
182 4
183 0
184 0
185 0
186 7
187 6
188 8
189 4
190 2
191 0
192 1
193 2
194 8
195 6
196 1
197 2
198 1
199 0
200 0
201 0
202 8
203 8
204 8
205 8
206 8
207 8
208 8
209 8
210 8
211 4
212 6
213 4
214 4
215 4
216 4
217 0
218 4
219 4
220 6
221 6
222 0
223 6
224 6
225 5
226 5
227 5
228 5
229 5
230 5
231 5
232 5
233 5
234 5
235 5
236 5
237 6
238 5
239 0
240 5
241 5
242 1
243 1
244 5
245 1
246 1
247 2
248 6
249 6
250 6
251 5
252 6
253 5
254 5
255 8
256 6
257 6
258 6
259 6
260 5
261 0
262 6
263 6
264 6
265 5
266 5
267 0
268 5
269 5
270 6
271 5
272 5
273 5
274 2
275 8
276 2
277 0
278 2
279 8
280 6
281 6
282 6
283 8
284 8
285 6
286 6
287 8
288 6
289 5
290 6
291 7
292 8
293 7
294 0
295 6
296 6
297 6
298 6
299 2
300 1
301 1
302 5
303 5
304 6
305 6
306 6
307 5
308 1
309 5
310 5
311 5
312 2
313 1
314 5
315 1
316 0
317 5
318 8
319 8
320 1
321 1
322 4
323 2
324 5
325 6
326 5
327 1
328 5
329 5
330 5
331 5
332 5
333 5
334 5
335 5
336 5
337 6
338 5
339 5
340 1
341 1
342 2
343 5
344 5
345 5
346 5
347 5
348 6
349 5
350 5
351 1
352 5
353 5
354 6
355 6
356 2
357 1
358 6
359 5
360 0
361 5
362 5
363 1
364 5
365 5
366 5
367 5
368 5
369 2
370 5
371 5
372 5
373 5
374 4
375 6
376 6
377 4
378 0
379 5
380 8
381 8
382 4
383 4
384 4
385 2
386 1
387 2
388 2
389 1
390 4
391 2
392 2
393 2
394 7
395 4
396 6
397 7
398 2
399 2
400 7
401 4
402 1
403 2
404 5
405 2
406 2
407 2
408 5
409 1
410 1
411 1
412 4
413 1
414 5
415 2
416 5
417 1
418 2
419 2
420 1
421 2
422 2
423 4
424 4
425 4
426 0
427 4
428 4
429 1
430 4
431 1
432 1
433 2
434 1
435 1
436 1
437 4
438 1
439 1
440 3
441 3
442 3
443 4
444 1
445 0
446 1
447 0
448 0
449 4
450 6
451 4
452 4
453 4
454 2
455 2
456 2
457 2
458 4
459 4
460 2
461 2
462 2
463 0
464 4
465 6
466 2
467 4
468 2
469 2
470 4
471 4
472 4
473 1
474 1
475 1
476 4
477 4
478 4
479 4
480 4
481 6
482 4
483 4
484 4
485 6
486 4
487 8
488 0
489 2
490 2
491 6
492 0
493 1
494 1
495 1
496 4
497 4
498 1
499 1
500 5
501 4
502 4
503 4
504 4
505 4
506 4
507 4
508 4
509 4
510 8
511 4
512 4
513 4
514 4
515 4
516 4
517 4
518 4
519 4
520 4
521 4
522 4
523 4
524 4
525 4
