0 0
1 1
2 0
3 0
4 1
5 1
6 0
7 1
8 1
9 2
10 2
11 2
12 0
13 2
14 1
15 0
16 1
17 1
18 1
19 2
20 1
21 0
22 1
23 0
24 1
25 1
26 1
27 2
28 1
29 1
30 1
31 1
32 1
33 1
34 1
35 0
36 1
37 1
38 1
39 1
40 1
41 1
42 1
43 1
44 1
45 1
46 1
47 0
48 2
49 1
50 1
51 1
52 1
53 1
54 1
55 1
56 1
57 0
58 1
59 1
60 1
61 1
62 1
63 1
64 1
65 1
66 1
67 0
68 1
69 1
70 0
71 1
72 1
73 1
74 0
75 0
76 2
77 2
78 0
79 0
80 0
81 0
82 2
83 2
84 0
85 2
86 0
87 0
88 0
89 0
90 0
91 0
92 0
93 2
94 0
95 2
96 0
97 0
98 0
99 0
100 1
101 0
102 2
103 2
104 0
105 0
106 1
107 0
108 0
109 0
110 0
111 0
112 0
113 0
114 0
115 1
116 0
117 2
118 2
119 0
120 0
121 2
122 2
123 0
124 0
125 1
126 2
127 0
128 1
129 1
130 0
131 1
132 0
133 0
134 1
135 2
136 2
137 2
138 1
139 1
140 0
141 2
142 0
143 0
144 0
145 0
146 1
147 2
148 2
149 0
150 2
151 0
152 0
153 0
154 0
155 0
156 0
157 2
158 1
159 0
160 2
161 0
162 0
163 0
164 0
165 0
166 0
167 0
168 0
169 2
170 0
171 2
172 2
173 0
174 0
175 2
176 0
177 2
178 0
179 2
180 0
181 2
182 2
183 0
184 0
185 0
186 2
187 0
188 2
189 2
190 0
191 0
192 1
193 0
194 2
195 0
196 1
197 0
198 1
199 0
200 0
201 0
202 2
203 2
204 2
205 2
206 2
207 2
208 2
209 2
210 2
211 2
212 0
213 2
214 2
215 2
216 2
217 0
218 2
219 2
220 0
221 0
222 0
223 0
224 0
225 1
226 1
227 1
228 1
229 1
230 1
231 1
232 1
233 1
234 1
235 1
236 1
237 0
238 1
239 0
240 1
241 1
242 1
243 1
244 1
245 1
246 1
247 0
248 0
249 0
250 0
251 1
252 0
253 1
254 1
255 2
256 0
257 0
258 0
259 0
260 1
261 0
262 0
263 0
264 0
265 1
266 1
267 0
268 1
269 1
270 0
271 1
272 1
273 1
274 0
275 2
276 0
277 0
278 0
279 2
280 0
281 0
282 0
283 2
284 2
285 0
286 0
287 2
288 0
289 1
290 0
291 2
292 2
293 2
294 0
295 0
296 0
297 0
298 0
299 0
300 1
301 1
302 1
303 1
304 0
305 0
306 0
307 1
308 1
309 1
310 1
311 1
312 0
313 1
314 1
315 1
316 0
317 1
318 2
319 2
320 1
321 1
322 2
323 0
324 1
325 0
326 1
327 1
328 1
329 1
330 1
331 1
332 1
333 1
334 1
335 1
336 1
337 0
338 1
339 1
340 1
341 1
342 0
343 1
344 1
345 1
346 1
347 1
348 0
349 1
350 1
351 1
352 1
353 1
354 0
355 0
356 0
357 1
358 0
359 1
360 0
361 1
362 1
363 1
364 1
365 1
366 1
367 1
368 1
369 0
370 1
371 1
372 1
373 1
374 2
375 0
376 0
377 2
378 0
379 1
380 2
381 2
382 2
383 2
384 2
385 0
386 1
387 0
388 0
389 1
390 2
391 0
392 0
393 0
394 2
395 2
396 0
397 2
398 0
399 0
400 2
401 2
402 1
403 0
404 1
405 0
406 0
407 0
408 1
409 1
410 1
411 1
412 2
413 1
414 1
415 0
416 1
417 1
418 0
419 0
420 1
421 0
422 0
423 2
424 2
425 2
426 0
427 2
428 2
429 1
430 2
431 1
432 1
433 0
434 1
435 1
436 1
437 2
438 1
439 1
440 2
441 2
442 2
443 2
444 1
445 0
446 1
447 0
448 0
449 2
450 0
451 2
452 2
453 2
454 0
455 0
456 0
457 0
458 2
459 2
460 0
461 0
462 0
463 0
464 2
465 0
466 0
467 2
468 0
469 0
470 2
471 2
472 2
473 1
474 1
475 1
476 2
477 2
478 2
479 2
480 2
481 0
482 2
483 2
484 2
485 0
486 2
487 2
488 0
489 0
490 0
491 0
492 0
493 1
494 1
495 1
496 2
497 2
498 1
499 1
500 1
501 2
502 2
503 2
504 2
505 2
506 2
507 2
508 2
509 2
510 2
511 2
512 2
513 2
514 2
515 2
516 2
517 2
518 2
519 2
520 2
521 2
522 2
523 2
524 2
525 2
